0 0.005646318099987493 0.4294184076792772 0.11250758137340791 0.4294184076792772 0.11250758137340791 0.6835121400338791 0.005646318099987493 0.6835121400338791
0 0.10288044053796465 0.44353472614342176 0.20781627564429642 0.44353472614342176 0.20781627564429642 0.6778656126482212 0.10288044053796465 0.6778656126482212
0 0.19530099255822014 0.45482778091473736 0.2415112685683479 0.45482778091473736 0.2415112685683479 0.6835121400338791 0.19530099255822014 0.6835121400338791
0 0.042229453274671966 0.5197628458498023 0.10191772645442031 0.5197628458498023 0.10191772645442031 0.6693958215697344 0.042229453274671966 0.6693958215697344
0 0.23092141364936028 0.4576510446075663 0.33393182058860343 0.4576510446075663 0.33393182058860343 0.6891586674195369 0.23092141364936028 0.6891586674195369
0 0.3069758262493622 0.5141163184641445 0.3820675247658198 0.5141163184641445 0.3820675247658198 0.686335403726708 0.3069758262493622 0.686335403726708
0 0.36955224167974354 0.45482778091473736 0.41479980360632696 0.45482778091473736 0.41479980360632696 0.6806888763410504 0.36955224167974354 0.6806888763410504
0 0.41576251768987127 0.48306041784302656 0.5033694992924052 0.48306041784302656 0.5033694992924052 0.6750423489553923 0.41576251768987127 0.6750423489553923
0 0.49855592887468353 0.531055900621118 0.5543933457202546 0.531055900621118 0.5543933457202546 0.720214568040655 0.49855592887468353 0.720214568040655
0 0.5688340569734195 0.5225861095426312 0.6545156104088646 0.5225861095426312 0.6545156104088646 0.7060982495765105 0.5688340569734195 0.7060982495765105
0 0.6728071779962069 0.4774138904573687 0.7613768736822849 0.4774138904573687 0.7613768736822849 0.7286843591191418 0.6728071779962069 0.7286843591191418
0 0.8412821426164642 0.48870694522868424 0.972211257978493 0.48870694522868424 0.972211257978493 0.7343308865047996 0.8412821426164642 0.7343308865047996
0 0.7873701539379818 0.5677583286278939 0.8470584271177302 0.5677583286278939 0.8470584271177302 0.717391304347826 0.7873701539379818 0.717391304347826
