3 0.020392749244713 0.0256797583081571 0.23338368580060423 0.0256797583081571 0.23338368580060423 0.3504531722054381 0.020392749244713 0.3504531722054381
3 0.26963746223564955 0.013595166163141994 0.4569486404833836 0.013595166163141994 0.4569486404833836 0.3595166163141994 0.26963746223564955 0.3595166163141994
3 0.493202416918429 0.03474320241691843 0.7575528700906343 0.03474320241691843 0.7575528700906343 0.338368580060423 0.493202416918429 0.338368580060423
3 0.7862537764350452 0.03474320241691843 0.9856495468277945 0.03474320241691843 0.9856495468277945 0.33987915407854985 0.7862537764350452 0.33987915407854985
3 0.7968277945619334 0.3595166163141994 0.979607250755287 0.3595166163141994 0.979607250755287 0.7371601208459214 0.7968277945619334 0.7371601208459214
3 0.586858006042296 0.36102719033232633 0.75 0.36102719033232633 0.75 0.7265861027190332 0.586858006042296 0.7265861027190332
3 0.40105740181268873 0.37462235649546827 0.5551359516616314 0.37462235649546827 0.5551359516616314 0.7250755287009063 0.40105740181268873 0.7250755287009063
3 0.23338368580060423 0.3731117824773414 0.3738670694864048 0.3731117824773414 0.3738670694864048 0.688821752265861 0.23338368580060423 0.688821752265861
3 0.005287009063444117 0.37160120845921446 0.21223564954682775 0.37160120845921446 0.21223564954682775 0.7054380664652569 0.005287009063444117 0.7054380664652569
3 0.6427492447129909 0.7613293051359517 0.9418429003021147 0.7613293051359517 0.9418429003021147 0.9803625377643505 0.6427492447129909 0.9803625377643505
3 0.4086102719033232 0.7522658610271903 0.5793051359516617 0.7522658610271903 0.5793051359516617 0.9879154078549849 0.4086102719033232 0.9879154078549849
3 0.20468277945619337 0.7175226586102719 0.35876132930513593 0.7175226586102719 0.35876132930513593 0.9864048338368581 0.20468277945619337 0.9864048338368581
3 0.009818731117824768 0.7356495468277946 0.1805135951661631 0.7356495468277946 0.1805135951661631 0.9894259818731118 0.009818731117824768 0.9894259818731118
